325.0
169.0
241.0
9.796000003814697
423.0
60.0
293.0
174.0
62.0
334.0
172.0
299.0
50.0
174.0
226.0
117.0
278.0
120.9909999370575
6.0
109.0
114.0
105.0
248.0
6.859999895095825
12.0
181.0
74.0
241.0
26.0
50.819000005722046
128.0
17.0
137.0
548.0
108.0
54.35599994659424
23.0
218.0
27.0
168.0
260.0
27.617000102996826
158.0
156.0
29.0
170.0
299.0
21.0
45.88100004196167
26.0
212.0
58.0
219.0
276.0
8.0
70.33699989318848
127.0
121.0
194.0
223.0
352.0
200.0
46.0
264.0
50.0
46.71300005912781
69.0
293.0
207.0
244.0
7.640000104904175
361.0
178.0
132.0
61.0
52.51300001144409
68.0
245.0
184.0
71.0
457.0
79.8180000782013
125.0
296.0
4.0
152.0
341.0
6.388000011444092
34.0
242.0
148.0
68.0
169.0
50.920000076293945
51.0
256.0
175.0
18.0
233.0
367.0
181.0
201.0
52.0
33.026000022888184
351.0
2.0
57.0
105.0
224.0
67.59800004959106
247.0
182.0
220.0
34.0
725.0
187.0
221.0
4.0
290.0
25.0
180.0
251.0
53.90000009536743
30.0
214.0
25.0
188.0
222.0
54.0
92.73099994659424
29.0
388.0
12.0
51.0
174.0
275.0
35.0
51.46600008010864
25.0
260.0
59.0
153.0
55.0
175.0
37.0
13.980000019073486
29.0
521.0
118.0
164.0
213.0
5.0
7.055000066757202
97.0
302.0
145.0
136.0
27.0
56.50399994850159
307.0
219.0
165.0
156.0
56.450000047683716
344.0
20.0
181.0
281.0
2.0
57.89199995994568
586.0
48.0
44.0
91.0
13.0
113.0
55.0
63.0
24.06500005722046
325.0
181.0
219.0
48.0
37.04699993133545
10.0
316.0
60.0
178.0
270.0
57.0
25.0
242.0
142.0
241.0
58.670000076293945
35.0
57.0
130.0
179.0
67.0
120.0
4.0
70.81399989128113
22.0
264.0
170.0
241.0
66.2170000076294
33.0
682.0
35.0
132.0
273.0
14.0
10.500999927520752
367.0
204.0
322.0
18.0
50.77900004386902
249.0
17.0
29.0
175.0
293.0
32.0
37.24300003051758
19.0
371.0
174.0
250.0
33.0
45.83699989318848
317.0
103.0
173.0
226.0
39.0
30.28500008583069
22.0
59.0
164.0
10.0
77.0
297.0
22.082000017166138
205.0
206.0
76.0
68.62100005149841
21.0
172.0
269.0
181.0
64.0
816.2579998970032
43.0
40.0
286.0
120.0
1.0
272.0
118.54200005531311
38.0
3.0
181.0
191.0
23.0
10.0
213.0
135.85899996757507
36.0
52.0
180.0
580.1029999256134
36.0
137.0
214.0
211.0
54.0
362.53200006484985
30.0
268.0
201.0
17.0
420.0
20.704999923706055
31.0
177.0
452.0
186.0
356.63499999046326
67.0
99.0
129.0
61.0
217.0
597.6989998817444
43.0
268.0
138.0
42.0
117.0
146.54399991035461
50.0
57.0
216.0
172.0
56.0
316.0810000896454
603.0
39.0
226.0
222.0
12.0
36.11800003051758
47.0
36.0
60.0
262.0
210.0
23.0
34.0
652.8229999542236
37.0
49.0
238.0
221.0
233.0
37.0
65.0
190.0
191.0
110.0
54.0
250.0
208.0
462.82599997520447
40.0
62.0
224.0
221.0
301.0
142.47399997711182
45.0
63.0
174.0
19.0
65.0
269.0
40.60199999809265
27.0
241.0
173.0
43.0
117.0
128.3840000629425
31.0
179.0
62.0
220.0
223.0
360.3289999961853
32.0
225.0
121.0
120.0
126.46799993515015
11.0
902.4300000667572
38.0
8.0
243.0
145.0
31.0
36.0
60.0
201.625
39.0
88.0
270.0
168.0
60.0
25.0
165.0
11.924000024795532
31.0
168.0
229.0
57.0
388.0
30.0
57.0
54.0
63.0
173.0
61.0
242.0
17.0
7.0
16.0
61.0
505.0
53.0
537.8269999027252
36.0
131.0
256.0
194.0
1.0
128.0
360.43099999427795
33.0
109.0
535.0
194.0
25.0
483.6619999408722
35.0
127.0
218.0
214.0
175.0
247.32100009918213
19.0
24.0
93.0
203.0
218.0
292.0
201.9909999370575