217.0
130.0
162.0
3.036450585089274
4.0
174.0
73.0
60.0
154.84100008010864
272.0
85.0
123.15000009536743
154.0
30.0
86.0
27.0
58.0
1.0503437083721519
12.0
59.0
427.0
168.0
110.0
1.268955869724062
54.0
281.0
179.0
59.0
33.0
0.4704411043966207
34.0
6.0
169.0
44.0
26.0
0.380426319116402
43.0
26.0
206.0
117.0
144.0
1.7775416126606476
10.0
70.0
51.0
23.0
121.0
33.0
9.014608552182532
9.0
58.0
302.0
102.0
50.0
57.0
0.5231500919643488
59.0
254.0
109.0
164.23499989509583
207.0
44.0
52.0
97.0
32.0
0.49549005695461823
5.0
269.0
115.0
135.0
3.422628904209526
183.0
109.0
58.0
129.0
1.3803162801305318
113.0
23.0
106.0
20.0
39.0
2.7541727565070646
60.0
1.0
233.0
50.0
94.0
2.8558729285667965
3.0
253.0
94.0
59.0
97.0
2.2032918700041484
2.0
240.0
50.0
31.0
146.1619999408722
362.0
96.0
59.0
36.0
0.48706012540216376
128.0
63.0
120.0
92.0
116.0
0.15273106454767105
233.0
111.0
174.0
21.07800006866455
417.0
134.0
118.0
5.010999917984009
17.0
370.0
134.0
99.0
0.6144120803104672
2.0
35.0
167.0
105.0
93.0
34.0
0.7381240257928505
6.0
116.0
2.0
38.0
51.0
73.0
30.0
2.2294049319278697
3.0
200.0
59.0
97.0
55.0
50.0
44.0
0.26946826054317247
9.0
110.0
119.0
99.0
119.0
32.0
3.644789050415509
29.0
326.0
106.0
121.0
37.0
1.1461784653047578
76.0
58.0
101.0
179.0
0.2801534024301444
3.0
233.0
104.0
37.0
67.0
1.885925980243013
76.0
28.0
58.0
49.0
36.0
58.0
85.0
44.0
0.059767328584590516
216.0
82.0
70.0
36.0
2.8117861705473453
5.0
151.0
62.0
112.0
41.0
33.305999994277954
40.0
300.0
96.0
189.0
1.3141984688273771
34.0
56.0
230.0
113.0
61.0
118.0
32.0
1.6193225607456045
19.0
304.0
121.0
90.0
1.847459155986895
8.0
94.0
119.0
119.0
45.0
39.0
6.161768652001182
184.0
99.0
49.0
34.0
2.336522273970539
5.0
7.0
178.0
65.0
64.0
42.0
1.2090164199157074
4.0
239.0
85.0
66.0
25.0
0.027326976994969686
105.0
29.0
101.0
42.0
31.0
4.472494757916929
219.0
60.0
68.0
58.0
111.0
29.0
6.811365260313903
87.0
206.0
60.0
6.640149246245133
54.0
15.0
70.0
62.0
32.0
2.6018959510005444
44.0
115.0
74.0
126.0
141.0
58.0
0.3638347664968692
28.0
178.0
43.0
118.0
27.0
30.0
57.0
5.737940164352652
32.0
427.0
119.0
1.729163453841565
30.0
57.0
14.0
89.0
31.0
0.19515820350853386
276.0
41.0
47.0
7.0
28.0
0.7296811784149888
38.0
55.0
30.0
56.0
0.9313956637260117
82.0
50.0
59.0
59.0
41.0
0.5238536666390502
196.0
95.0
60.0
63.0
58.0
1.9023749956298335
79.0
69.0
71.0
76.0
59.0
1.9475801870814526
7.0
131.0
134.0
139.0
29.0
1.6034136388248994
44.0
120.0
77.0
4.0
5.0
100.0
34.0
0.17678441224963384
96.0
112.0
28.0
186.0
34.032999992370605
33.0
50.0
71.0
94.0
445.3819999694824
131.0
27.0
109.0
1.0943006885417088
86.0
118.0
13.0
557.0
63.0
1.0322365635995079
27.0
77.0
330.0
112.0
118.0
6.0
1.4178672903123792
214.0
65.0
87.0
55.0
62.0
1.1764407285297374
36.0
60.0
57.0
81.0
81.0
3.2656705386210367
110.0
121.0
241.0
57.0
2.5787224961260256
247.0
2.519005538061925
99.0
161.0
29.0
6.0
141.0
24.0
120.0
0.8147898012094561
61.0
72.0
86.0
118.0
36.0
58.0
76.0
4.391979370031989
223.0
73.0
68.0
25.0
109.48699998855591
94.0
186.0
59.0
65.0
119.0
59.0
42.0
10.289999961853027
47.0
57.0
178.0
61.0
38.0
1.5823751299932858
30.0
43.0
49.0
45.0
58.0
15.0
4.8903344856309765
56.0
59.0
46.0
113.0
26.0
5.81993520906251
30.0
22.0
75.0
66.0
58.0
1.7206687767785136
50.0
61.0
67.0
87.0
44.0
46.0