325.0
169.0
241.0
9.796000003814697
423.0
60.0
293.0
174.0
62.0
334.0
172.0
299.0
50.0
174.0
226.0
117.0
278.0
120.9909999370575
6.0
109.0
114.0
105.0
248.0
6.859999895095825
12.0
181.0
74.0
241.0
26.0
50.819000005722046
128.0
17.0
137.0
548.0
108.0
54.35599994659424
23.0
218.0
27.0
168.0
260.0
27.617000102996826
158.0
156.0
29.0
170.0
299.0
21.0
45.88100004196167
26.0
212.0
58.0
219.0
276.0
8.0
70.33699989318848
127.0
121.0
194.0
223.0
352.0
200.0
46.0
264.0
50.0
46.71300005912781
69.0
293.0
207.0
244.0
7.640000104904175
361.0
178.0
132.0
61.0
52.51300001144409
68.0
245.0
184.0
71.0
457.0
79.8180000782013
125.0
296.0
4.0
152.0
341.0
6.388000011444092
34.0
242.0
148.0
68.0
169.0
50.920000076293945
51.0
256.0
175.0
18.0
233.0
367.0
181.0
201.0
52.0
33.026000022888184
351.0
2.0
57.0
105.0
224.0
67.59800004959106
247.0
182.0
220.0
34.0
725.0
187.0
221.0
4.0
290.0
25.0
180.0
251.0
53.90000009536743
30.0
214.0
25.0
188.0
222.0
54.0
92.73099994659424
29.0
388.0
12.0
51.0
174.0
275.0
35.0
51.46600008010864
25.0
260.0
59.0
153.0
55.0
175.0
37.0
13.980000019073486
29.0
521.0
118.0
164.0
213.0
5.0
7.055000066757202
97.0
302.0
145.0
136.0
27.0
56.50399994850159
307.0
219.0
165.0
156.0
56.450000047683716
344.0
20.0
181.0
281.0
2.0
57.89199995994568
586.0
48.0
44.0
91.0
13.0
113.0
55.0
63.0
24.06500005722046
325.0
181.0
219.0
48.0
37.04699993133545
10.0
316.0
60.0
178.0
270.0
57.0
25.0
242.0
142.0
241.0
58.670000076293945
35.0
57.0
130.0
179.0
67.0
120.0
4.0
70.81399989128113
22.0
264.0
170.0
241.0
66.2170000076294
33.0
682.0
35.0
132.0
273.0
14.0
10.500999927520752
367.0
204.0
322.0
18.0
50.77900004386902
249.0
17.0
29.0
175.0
293.0
32.0
37.24300003051758
19.0
371.0
174.0
250.0
33.0
45.83699989318848
317.0
103.0
173.0
226.0
39.0
30.28500008583069
