217.0
130.0
162.0
1
4.0
174.0
73.0
60.0
154.84100008010864
272.0
85.0
123.15000009536743
154.0
30.0
86.0
27.0
58.0
1
12.0
59.0
427.0
168.0
110.0
1
54.0
281.0
179.0
59.0
33.0
1
34.0
6.0
169.0
44.0
26.0
1
43.0
26.0
206.0
117.0
144.0
1
10.0
70.0
51.0
23.0
121.0
33.0
1
9.0
58.0
302.0
102.0
50.0
57.0
1
59.0
254.0
109.0
164.23499989509583
207.0
44.0
52.0
97.0
32.0
1
5.0
269.0
115.0
135.0
1
183.0
109.0
58.0
129.0
1
113.0
23.0
106.0
20.0
39.0
1
60.0
1.0
233.0
50.0
94.0
1
3.0
253.0
94.0
59.0
97.0
1
2.0
240.0
50.0
31.0
146.1619999408722
362.0
96.0
59.0
36.0
1
128.0
63.0
120.0
92.0
116.0
1
233.0
111.0
174.0
21.07800006866455
417.0
134.0
118.0
5.010999917984009
17.0
370.0
134.0
99.0
1
2.0
35.0
167.0
105.0
93.0
34.0
1
6.0
116.0
2.0
38.0
51.0
73.0
30.0
1
3.0
200.0
59.0
97.0
55.0
50.0
44.0
1
9.0
110.0
119.0
99.0
119.0
32.0
1
29.0
326.0
106.0
121.0
37.0
1
76.0
58.0
101.0
179.0
1
3.0
233.0
104.0
37.0
67.0
1
76.0
28.0
58.0
49.0
36.0
58.0
85.0
44.0
1
216.0
82.0
70.0
36.0
1
5.0
151.0
62.0
112.0
41.0
33.305999994277954
40.0
300.0
96.0
189.0
1
34.0
56.0
230.0
113.0
61.0
118.0
32.0
1
19.0
304.0
121.0
90.0
1
8.0
94.0
119.0
119.0
45.0
39.0
1
184.0
99.0
49.0
34.0
1
5.0
7.0
178.0
65.0
64.0
42.0
1
4.0
239.0
85.0
66.0
25.0
1
105.0
29.0
101.0
42.0
31.0
