217.0
130.0
162.0
19.837552231921936
4.0
174.0
73.0
60.0
154.84100008010864
272.0
85.0
123.15000009536743
154.0
30.0
86.0
27.0
58.0
32.84120478907847
12.0
59.0
427.0
168.0
110.0
64.20836434739748
54.0
281.0
179.0
59.0
33.0
99.60127724990764
34.0
6.0
169.0
44.0
26.0
19.171688107602414
43.0
26.0
206.0
117.0
144.0
27.435832058623365
10.0
70.0
51.0
23.0
121.0
33.0
43.77462184265219
9.0
58.0
302.0
102.0
50.0
57.0
67.66588493812668
59.0
254.0
109.0
164.23499989509583
207.0
44.0
52.0
97.0
32.0
135.38115530307866
5.0
269.0
115.0
135.0
91.3191924165715
183.0
109.0
58.0
129.0
21.12808018244025
113.0
23.0
106.0
20.0
39.0
47.4793808354321
60.0
1.0
233.0
50.0
94.0
0.0425192966252152
3.0
253.0
94.0
59.0
97.0
64.39325635606714
2.0
240.0
50.0
31.0
146.1619999408722
362.0
96.0
59.0
36.0
61.57590160622439
128.0
63.0
120.0
92.0
116.0
6.1405821261746
233.0
111.0
174.0
21.07800006866455
417.0
134.0
118.0
5.010999917984009
17.0
370.0
134.0
99.0
84.48423891615482
2.0
35.0
167.0
105.0
93.0
34.0
190.01305331724177
6.0
116.0
2.0
38.0
51.0
73.0
30.0
40.91970487611307
3.0
200.0
59.0
97.0
55.0
50.0
44.0
221.83693220736708
9.0
110.0
119.0
99.0
119.0
32.0
114.51500859333728
29.0
326.0
106.0
121.0
37.0
139.47942887152806
76.0
58.0
101.0
179.0
125.46373957560924
3.0
233.0
104.0
37.0
67.0
2.7404770881953664
76.0
28.0
58.0
49.0
36.0
58.0
85.0
44.0
131.10717818872263
216.0
82.0
70.0
36.0
360.63351290438544
5.0
151.0
62.0
112.0
41.0
33.305999994277954
40.0
300.0
96.0
189.0
77.8137112919789
34.0
56.0
230.0
113.0
61.0
118.0
32.0
219.20364377335096
19.0
304.0
121.0
90.0
33.860966369349335
8.0
94.0
119.0
119.0
45.0
39.0
17.49651124678849
184.0
99.0
49.0
34.0
90.97298024439749
5.0
7.0
178.0
65.0
64.0
42.0
85.60148382560166
4.0
239.0
85.0
66.0
25.0
41.27042500496819
105.0
29.0
101.0
42.0
31.0