219.0
60.0
68.0
58.0
111.0
29.0
0.23541968931024046
87.0
206.0
60.0
1.0869076659940355
54.0
15.0
70.0
62.0
32.0
6.672649615363464
44.0
115.0
74.0
126.0
141.0
58.0
0.8180584378452302
28.0
178.0
43.0
118.0
27.0
30.0
57.0
1.8221372207153752
32.0
427.0
119.0
2.246121528628713
30.0
57.0
14.0
89.0
31.0
2.3273039102012496
276.0
41.0
47.0
7.0
28.0
1.599647795093737
38.0
55.0
30.0
56.0
0.3567573929617488
82.0
50.0
59.0
59.0
41.0
0.7463808492685944
196.0
95.0
60.0
63.0
58.0
0.9063427707843378
79.0
69.0
71.0
76.0
59.0
0.9817616377450197
7.0
131.0
134.0
139.0
29.0
0.24352316073411726
44.0
120.0
77.0
4.0
5.0
100.0
34.0
1.9441804362170194
96.0
112.0
28.0
186.0
34.032999992370605
33.0
50.0
71.0
94.0
445.3819999694824
131.0
27.0
109.0
0.9518003301237488
86.0
118.0
13.0
557.0
63.0
0.22258103086813827
27.0
77.0
330.0
112.0
118.0
6.0
7.98256529921842
214.0
65.0
87.0
55.0
62.0
1.3408868941726122
36.0
60.0
57.0
81.0
81.0
1.5915563950754616
110.0
121.0
241.0
57.0
3.4200419253847847
247.0
1.2601788949661596
99.0
161.0
29.0
6.0
141.0
24.0
120.0
0.07532694819117938
61.0
72.0
86.0
118.0
36.0
58.0
76.0
0.7913301497742916
223.0
73.0
68.0
25.0
109.48699998855591
94.0
186.0
59.0
65.0
119.0
59.0
42.0
10.289999961853027
47.0
57.0
178.0
61.0
38.0
0.6645167980640188
30.0
43.0
49.0
45.0
58.0
15.0
0.03539106364568226
56.0
59.0
46.0
113.0
26.0
1.2486943512463864
30.0
22.0
75.0
66.0
58.0
8.140313681026324
50.0
61.0
67.0
87.0
44.0
46.0