22.0
59.0
164.0
10.0
77.0
297.0
227.0
206.0
76.0
89.62100005149841
172.0
269.0
181.0
64.0
859.2579998970032
40.0
286.0
120.0
1.0
272.0
156.0
3.0
181.0
191.0
23.0
10.0
213.0
171.85899996757507
52.0
180.0
616.1029999256134
137.0
214.0
211.0
54.0
392.53200006484985
268.0
201.0
17.0
420.0
51.704999923706055
177.0
452.0
186.0
423.63499999046326
99.0
129.0
61.0
217.0
640.6989998817444
268.0
138.0
42.0
117.0
196.54399991035461
57.0
216.0
172.0
56.0
919.0810000896454
39.0
226.0
222.0
12.0
83.11800003051758
36.0
60.0
262.0
210.0
23.0
34.0
689.8229999542236
49.0
238.0
221.0
233.0
37.0
65.0
190.0
191.0
110.0
54.0
250.0
208.0
502.82599997520447
62.0
224.0
221.0
301.0
187.47399997711182
63.0
174.0
19.0
65.0
269.0
67.60199999809265
241.0
173.0
43.0
117.0
159.3840000629425
179.0
62.0
220.0
223.0
392.3289999961853
225.0
121.0
120.0
137.46799993515015
940.4300000667572
8.0
243.0
145.0
31.0
36.0
60.0
240.625
88.0
270.0
168.0
60.0
25.0
165.0
42.92400002479553
168.0
229.0
57.0
388.0
30.0
57.0
54.0
63.0
173.0
61.0
242.0
17.0
7.0
16.0
61.0
505.0
53.0
573.8269999027252
131.0
256.0
194.0
1.0
128.0
393.43099999427795
109.0
535.0
194.0
25.0
518.6619999408722
127.0
218.0
214.0
175.0
266.32100009918213
24.0
93.0
203.0
218.0
292.0
201.9909999370575