22.0
59.0
164.0
10.0
77.0
297.0
22.082000017166138
205.0
206.0
76.0
68.62100005149841
21.0
172.0
269.0
181.0
64.0
816.2579998970032
43.0
40.0
286.0
120.0
1.0
272.0
118.54200005531311
38.0
3.0
181.0
191.0
23.0
10.0
213.0
135.85899996757507
36.0
52.0
180.0
580.1029999256134
36.0
137.0
214.0
211.0
54.0
362.53200006484985
30.0
268.0
201.0
17.0
420.0
20.704999923706055
31.0
177.0
452.0
186.0
356.63499999046326
67.0
99.0
129.0
61.0
217.0
597.6989998817444
43.0
268.0
138.0
42.0
117.0
146.54399991035461
50.0
57.0
216.0
172.0
56.0
316.0810000896454
603.0
39.0
226.0
222.0
12.0
36.11800003051758
47.0
36.0
60.0
262.0
210.0
23.0
34.0
652.8229999542236
37.0
49.0
238.0
221.0
233.0
37.0
65.0
190.0
191.0
110.0
54.0
250.0
208.0
462.82599997520447
40.0
62.0
224.0
221.0
301.0
142.47399997711182
45.0
63.0
174.0
19.0
65.0
269.0
40.60199999809265
27.0
241.0
173.0
43.0
117.0
128.3840000629425
31.0
179.0
62.0
220.0
223.0
360.3289999961853
32.0
225.0
121.0
120.0
126.46799993515015
11.0
902.4300000667572
38.0
8.0
243.0
145.0
31.0
36.0
60.0
201.625
39.0
88.0
270.0
168.0
60.0
25.0
165.0
11.924000024795532
31.0
168.0
229.0
57.0
388.0
30.0
57.0
54.0
63.0
173.0
61.0
242.0
17.0
7.0
16.0
61.0
505.0
53.0
537.8269999027252
36.0
131.0
256.0
194.0
1.0
128.0
360.43099999427795
33.0
109.0
535.0
194.0
25.0
483.6619999408722
35.0
127.0
218.0
214.0
175.0
247.32100009918213
19.0
24.0
93.0
203.0
218.0
292.0
201.9909999370575