219.0
60.0
68.0
58.0
111.0
29.0
87.0
206.0
60.0
54.0
15.0
70.0
62.0
32.0
44.0
115.0
74.0
126.0
141.0
58.0
28.0
178.0
43.0
118.0
27.0
30.0
57.0
32.0
427.0
119.0
30.0
57.0
14.0
89.0
31.0
276.0
41.0
47.0
7.0
28.0
38.0
55.0
30.0
56.0
82.0
50.0
59.0
59.0
41.0
196.0
95.0
60.0
63.0
58.0
79.0
69.0
71.0
76.0
59.0
7.0
131.0
134.0
139.0
29.0
44.0
120.0
77.0
4.0
5.0
100.0
34.0
96.0
112.0
28.0
186.0
34.032999992370605
33.0
50.0
71.0
94.0
445.3819999694824
131.0
27.0
109.0
86.0
118.0
13.0
557.0
63.0
27.0
77.0
330.0
112.0
118.0
6.0
214.0
65.0
87.0
55.0
62.0
36.0
60.0
57.0
81.0
81.0
110.0
121.0
241.0
57.0
247.0
99.0
161.0
29.0
6.0
141.0
24.0
120.0
61.0
72.0
86.0
118.0
36.0
58.0
76.0
223.0
73.0
68.0
25.0
109.48699998855591
94.0
186.0
59.0
65.0
119.0
59.0
42.0
10.289999961853027
47.0
57.0
178.0
61.0
38.0
30.0
43.0
49.0
45.0
58.0
15.0
56.0
59.0
46.0
113.0
26.0
30.0
22.0
75.0
66.0
58.0
50.0
61.0
67.0
87.0
44.0
46.0