219.0
60.0
68.0
58.0
111.0
29.0
117.81502174156043
87.0
206.0
60.0
155.7503661232388
54.0
15.0
70.0
62.0
32.0
45.578496567327
44.0
115.0
74.0
126.0
141.0
58.0
77.22496803237813
28.0
178.0
43.0
118.0
27.0
30.0
57.0
78.18413594282339
32.0
427.0
119.0
4.694548055765074
30.0
57.0
14.0
89.0
31.0
21.214403004380138
276.0
41.0
47.0
7.0
28.0
18.6009485930585
38.0
55.0
30.0
56.0
58.526573767665965
82.0
50.0
59.0
59.0
41.0
50.264563095434454
196.0
95.0
60.0
63.0
58.0
0.6482265621999336
79.0
69.0
71.0
76.0
59.0
1.3343702870793248
7.0
131.0
134.0
139.0
29.0
15.855780766480398
44.0
120.0
77.0
4.0
5.0
100.0
34.0
65.66771722941122
96.0
112.0
28.0
186.0
34.032999992370605
33.0
50.0
71.0
94.0
445.3819999694824
131.0
27.0
109.0
7.48523303496088
86.0
118.0
13.0
557.0
63.0
2.17532077955367
27.0
77.0
330.0
112.0
118.0
6.0
32.360857731098854
214.0
65.0
87.0
55.0
62.0
31.768356933039655
36.0
60.0
57.0
81.0
81.0
23.493481761795874
110.0
121.0
241.0
57.0
117.29222291873268
247.0
65.34202403780615
99.0
161.0
29.0
6.0
141.0
24.0
120.0
253.29332522529938
61.0
72.0
86.0
118.0
36.0
58.0
76.0
13.611747724617393
223.0
73.0
68.0
25.0
109.48699998855591
94.0
186.0
59.0
65.0
119.0
59.0
42.0
10.289999961853027
47.0
57.0
178.0
61.0
38.0
124.81369070418964
30.0
43.0
49.0
45.0
58.0
15.0
2.0374404126227255
56.0
59.0
46.0
113.0
26.0
128.41934991895184
30.0
22.0
75.0
66.0
58.0
32.47194390715902
50.0
61.0
67.0
87.0
44.0
46.0
